5 10
1000101110
1000111110
1100110001
0000001100
1100101010
20
33
001110110100000001100110001000000
6
000110
33
101011011000000000000000000000000
24
001001001000000000000000
47
11110010000000000000000100010111000000000000000
22
1110101000000000000000
29
11110100010000000000000000000
9
101010111
5
00110
7
0001111
37
0100100000000000000001100010000000000
20
00001110100000000000
26
00011101000000000000000000
20
01011010000000000000
32
10001000000001000111110000000000
10
1010001101
21
011111100000000000000
9
110111110
34
0000100011000000000010001011100000
44
01001000000000000011001100010000000000000000
