20 15
100101111100101
101110001010110
100100000010110
100111100010101
111110001110011
110011100010101
011110011010111
110101001100001
100010011101101
011101101101010
010111001110001
011100010100010
010111000110110
110111110010100
001111010011010
010100100110001
101100111111110
101000000011111
010010001011101
110011011100001
20
463
0011100010111101111111111111111111111111111111111111111111111111111111111111111111111111111111111111111111111111111111111111111111101110001010110111111111111111111111111111111111111111111111111111111111111111111111111111111111111111111111111111111111111001111000101011111111111111111111111111111111111111111111111111111111111111111111111111111111111111111111111111111111111111110111100110101111111111111111111111111111111111111111111111111111111111111111111111111
457
0101001111111101111111111111111111111111111111111111111111111111111111111111111111111111111111111111111111111111111111111110111000101011011111111111111111111111111111111111111111111111111111111111111111111111111111111111111111111111111111111101111001101011111111111111111111111111111111111111111111111111111111111111111111111111111111111111111111111111111111101110110110101011111111111111111111111111111111111111111111111111111111111111111111111111111111111
470
00001110001001111111111111111111111111111111111111111111111111111111111111111111111111111111111111111111111111111111111111111111111111111111111111111111111111111111111111111111111111111111111111111111111111111111111111111111111111111111111111111111111111111111111111111111111111111111111111111111111111111111111111111111111111111111111111111111111111111111111111111111111111111111111111111111111111111111111111111111111111111111111111111111111111111111111111111111111111
482
01001110101100011111111111111111111111111111111111111111111111111111111111111111111111111111111111111111111111111111111111111110010000001011011111111111111111111111111111111111111111111111111111111111111111111111111111111111111111111111111111111111111111111111110010000001011011111111111111111111111111111111111111111111111111111111111111111111111111111111111111111111111111111111111111001111000101011111111111111111111111111111111111111111111111111111111111111111111111111111111111
472
0110110111011101111111111111111111111111111111111111111111111111111111111111111111111111111111111111111111111111011100010101101111111111111111111111111111111111111111111111111111111111111111111111111111111111111111111111111111111111111111111111111111111111110011110001010111111111111111111111111111111111111111111111111111111111111111111111111111111111111111111111111111111111111111111111110001001110110111111111111111111111111111111111111111111111111111111111111111111111
487
0100100101011001111111111111111111111111111111111111111111111111111111111111111111111111111111111111111111111111111111111111111111111111111111111111111111111111111111111111111111111111111111111111111111111111111111111111111111111111111111111111111111111111111111111111111111111111111111111111111111111111111111111111111111111111111111111111111111111111111111111111111111111111111111111111111111111111111111111111111111111111111111111111111111111111111111111111111111111111111111111111111
485
01101110010100011111111111111111111111111111111111111111111111111111111111111111111111111111111111111111111111111111111111100111100010101111111111111111111111111111111111111111111111111111111111111111111111111111111111111111111111111111111111111111111111111111011110011010111111111111111111111111111111111111111111111111111111111111111111111111111111111111111111111111111111111111111111101110110110101011111111111111111111111111111111111111111111111111111111111111111111111111111111111
457
0001010110100011111111111111111111111111111111111111111111111111111111111111111111111111111111111111111111100101111100101111111111111111111111111111111111111111111111111111111111111111111111111111111111111111111111111111111111111111111111111111111001111000101011111111111111111111111111111111111111111111111111111111111111111111111111111111111111111111111111111111111111111111111111111111001111000101011111111111111111111111111111111111111111111111111111111
464
10111111100011011111111111111111111111111111111111111111111111111111111111111111111111111111111111111111111111111111111111111111111111111111111111111111111111111111111111111111111111111111111111111111111111111111111111111111111111111111111111111111111111111111111111111111111111111111111111111111111111111111111111111111111111111111111111111111111111111111111111111111111111111111111111111111111111111111111111111111111111111111111111111111111111111111111111111111
489
011010010101010111111111111111111111111111111111111111111111111111111111111111111111111111111111111111111111111111111111111111111111111111111111111111111111111111111111111111111111111111111111111111111111111111111111111111111111111111111111111111111111111111111111111111111111111111111111111111111111111111111111111111111111111111111111111111111111111111111111111111111111111111111111111111111111111111111111111111111111111111111111111111111111111111111111111111111111111111111111111111111
478
0000000011101101111111111111111111111111111111111111111111111111111111111111111111111111111111111111111111111111111111001111000101011111111111111111111111111111111111111111111111111111111111111111111111111111111111111111111111111111111111111111110011100010101111111111111111111111111111111111111111111111111111111111111111111111111111111111111111111111111111111111110111100110101111111111111111111111111111111111111111111111111111111111111111111111111111111111111111111111111111
459
010110001111100111111111111111111111111111111111111111111111111111111111111111111111111111111111111111111100101111100101111111111111111111111111111111111111111111111111111111111111111111111111111111111111111111111111111111111111111111111000111001111111111111111111111111111111111111111111111111111111111111111111111111111111111111111111111111111111111111111111111111111111100111000101011111111111111111111111111111111111111111111111111111111111111111111111111
474
111000011011110111111111111111111111111111111111111111111111111111111111111111111111111111111111111111111111111111111111111111100101111100101111111111111111111111111111111111111111111111111111111111111111111111111111111111111111111111111111111111111111111100100000010110111111111111111111111111111111111111111111111111111111111111111111111111111111111111111111111111111111111111111111111001110001010111111111111111111111111111111111111111111111111111111111111111111111111111
495
011001101110011111111111111111111111111111111111111111111111111111111111111111111111111111111111111111111111111110011110001010111111111111111111111111111111111111111111111111111111111111111111111111111111111111111111111111111111111111111110001110011111111111111111111111111111111111111111111111111111111111111111111111111111111111111111111111111111111111010100110000111111111111111111111111111111111111111111111111111111111111111111111111111111111111111111111111111111111111101011100111000111111
463
0100111110110101111111111111111111111111111111111111111111111111111111111111111111111111111111111111111111111111111111111111111111111111111111111111111111111111111111111111111111111111111111111111111111111111111111111111111111111111111111111111111111111111111111111111111111111111111111111111111111111111111111111111111111111111111111111111111111111111111111111111111111111111111111111111111111111111111111111111111111111111111111111111111111111111111111111111111
469
0000011011001101111111111111111111111111111111111111111111111111111111111111111111111111111111111111111111111111111111111111111111111111111111111111111111111111111111111111111111111111111111111111111111111111111111111111111111111111111111111111111111111111111111111111111111111111111111111111111111111111111111111111111111111111111111111111111111111111111111111111111111111111111111111111111111111111111111111111111111111111111111111111111111111111111111111111111111111
466
1101110000000001111111111111111111111111111111111111111111111111111111111111111111111111111111111111100111100010101111111111111111111111111111111111111111111111111111111111111111111111111111111111111111111111111111111111111111111111111111111111111111110001001110110111111111111111111111111111111111111111111111111111111111111111111111111111111111111111111111111111111111111111111111101110110110101011111111111111111111111111111111111111111111111111111111111111111111
468
010010101110110111111111111111111111111111111111111111111111111111111111111111111111111111111111111111111111111111111111111111111111000111001111111111111111111111111111111111111111111111111111111111111111111111111111111111111111111111111111111111111111111111111111010100110000111111111111111111111111111111111111111111111111111111111111111111111111111111111111111111111111111111111111111111111110111011011010101111111111111111111111111111111111111111111111111111111111
489
111101000011110111111111111111111111111111111111111111111111111111111111111111111111111111111111111111111111111111111111111111110111000101011011111111111111111111111111111111111111111111111111111111111111111111111111111111111111111111111111111111111111111100111000101011111111111111111111111111111111111111111111111111111111111111111111111111111111111111111111111111111111111000100111011011111111111111111111111111111111111111111111111111111111111111111111111111111111111111111111111111111
494
01000000011011111111111111111111111111111111111111111111111111111111111111111111111111111111111111111111111111111111111111111111111111111111111111111111111111111111111111111111111111111111111111111111111111111111111111111111111111111111111111111111111111111111111111111111111111111111111111111111111111111111111111111111111111111111111111111111111111111111111111111111111111111111111111111111111111111111111111111111111111111111111111111111111111111111111111111111111111111111111111111111111111
