25 15
001111100101110
011101000101010
010111101111011
100010101000010
000000011100101
110010100100100
101111110010010
111111001010010
110111101101001
111000011100001
000001111110010
100000111101100
001011110110101
010010011100000
010000110101100
101000110101101
101010111100011
011100110100001
111111011011110
011000011100111
100011111101110
001000111101011
111110110101111
111000010000000
001001100100001
20
746
11110101101010111111111111001111100101110111111111111111111111001111100101110111111111111111111111111111011101000101010111111111111111111111111101110100010101011111111111111111111111010111101111011111111111111111111111111110001010100001011111111111111110001010100001011111111111111111111111111111100000001110010111111111111111111111111110000000111001011111111111111111111111111001010010010011111111111111111111111111111001010010010011111111111111111111111101111110010010111111111111111111111111111110010100101111111111111111111111111111111001010010111111111111111111111111110010100101111111111111111111111001010010111111111111111111111111110010100101111111111111111111111111111111111110010100101111111111111111111111101111011010011111111111111111
700
0011100001011111111111111111111111100111110010111011111111111111111111111111111001111100101110111111111111111111111111111111100111110010111011111111111111111111110011111001011101111111111111111111111001111100101110111111111111111111111111101110100010101011111111111111111111111101110100010101011111111111111111110111010001010101111111111111111111111111110101111011110111111111111111111111111111111111111110001010100001011111111111111111111111111100010101000010111111111111111111111111110000000111001011111111111111111111100000001110010111111111111111111111111111000000011100101111111111111111111111111111111111100101001001001111111111111111111111111111011111100100101111111111111111111111111111111111
712
1100011110001101111111111111001111100101110111111111111111111111111111111100111110010111011111111111100111110010111011111111111111111111111111101110100010101011111111111111111110111010001010101111111111111111111111111110111010001010101111111111111111111111110101111011110111111111111111111111111111101011110111101111111111111111111010111101111011111111111111111010111101111011111111111111111111111111000101010000101111111111111111111111111110001010100001011111111111111111111110001010100001011111111111111111111111111110000000111001011111111111111111000000011100101111111111111111111111111001010010010011111111111111111111111111001010010010011111111111111111111110111111001001011111111111111111111111111111111111
727
1111101011110001111111111111111111111100111110010111011111111111111111111111110011111001011101111111111111111111111111100111110010111011111111111101110100010101011111111111111111111111011101000101010111111111111111111111111101011110111101111111111111111100010101000010111111111111111111111111111100010101000010111111111111111000101010000101111111111111111111111111110000000111001011111111111111111111111111000000011100101111111111111111111100101001001001111111111111111111111111111101111110010010111111111111111111111011111100100101111111111111111111111111111111111111100101001011111111111111111111111001010010111111111111111111111111111110111101101001111111111111111111111110000111000011111111111111111111111111000011100001111
702
110101000100101111111111111111111111111111111111111111111111111111111111111111111111111111111111111111111111111111111111111111111111111111111111111111111111111111111111111111111111111111111111111111111111111111111111111111111111111111111111111111111111111111111111111111111111111111111111111111111111111111111111111111111111111111111111111111111111111111111111111111111111111111111111111111111111111111111111111111111111111111111111111111111111111111111111111111111111111111111111111111111111111111111111111111111111111111111111111111111111111111111111111111111111111111111111111111111111111111111111111111111111111111111111111111111111111111111111111111111111111111111111111111111111111111111111111111
745
0101011011110101111111111111111111111111111111111111111111111111111111111111111111111111111111111111111111111111111111111111111111111111111111111111111111111111111111111111111111111111111111111111111111111111111111111111111111111111111111111111111111111111111111111111111111111111111111111111111111111111111111111111111111111111111111111111111111111111111111111111111111111111111111111111111111111111111111111111111111111111111111111111111111111111111111111111111111111111111111111111111111111111111111111111111111111111111111111111111111111111111111111111111111111111111111111111111111111111111111111111111111111111111111111111111111111111111111111111111111111111111111111111111111111111111111111111111111111111111111111111111111111111111111111
736
0000011110100101100111110010111011111111111111111111111100111110010111011111111111111111111111110011111001011101111111111111111111100111110010111011111111111111111111101110100010101011111111111111111111101011110111101111111111111111111010111101111011111111111111111111111111000101010000101111111111111111111111000101010000101111111111111111111000000011100101111111111111111111111111110000000111001011111111111111111111001010010010011111111111111111111111111111001010010010011111111111111111111111111111110010100100100111111111111111111111111111101111110010010111111111111111111111111101111110010010111111111111111111111111111111110010100101111111111111111111101111011010011111111111111111111011110110100111111111111111111111111111111111
720
100000000001001111111111111111100111110010111011111111111111111111111111111100111110010111011111111111111111111111101110100010101011111111111111111111101110100010101011111111111111111111101011110111101111111111111111111111111100010101000010111111111111111111111110001010100001011111111111111111111111111111000000011100101111111111111111111111111111111001010010010011111111111111111111111101111110010010111111111111111111111111111111110111111001001011111111111111111111111111111111111110010100101111111111111111111111111111111001010010111111111111111111111111111101111011010011111111111111111111111111111110111101101001111111111111111111111111111111000011100001111111111111111111111111111111111111111100001110000111111111
741
001111111010011111111111111111111111111111111111111111111111111111111111111111111111111111111111111111111111111111111111111111111111111111111111111111111111111111111111111111111111111111111111111111111111111111111111111111111111111111111111111111111111111111111111111111111111111111111111111111111111111111111111111111111111111111111111111111111111111111111111111111111111111111111111111111111111111111111111111111111111111111111111111111111111111111111111111111111111111111111111111111111111111111111111111111111111111111111111111111111111111111111111111111111111111111111111111111111111111111111111111111111111111111111111111111111111111111111111111111111111111111111111111111111111111111111111111111111111111111111111111111111111111111111
734
00110111010010011111111111111111111001111100101110111111111111100111110010111011111111111111111111110011111001011101111111111111111111111111111101110100010101011111111111111111111111101011110111101111111111111111111110101111011110111111111111111110101111011110111111111111111111111111111111111000101010000101111111111111111111111000101010000101111111111111111000000011100101111111111111111111111111111100000001110010111111111111111111111110010100100100111111111111111111111111111111100101001001001111111111111111111111111111110010100100100111111111111111111011111100100101111111111111111111111111011111100100101111111111111111111111111111111111111111110010100101111111111111111111111111111100101001011111111111111111111111111111111111
744
000000110110110111111111111111111111111001111100101110111111111111111111111111111111001111100101110111111111111111111111111011101000101010111111111111111111111111110111010001010101111111111111111111010111101111011111111111111111111111111010111101111011111111111111111111101011110111101111111111111111111111111110101111011110111111111111111111111111000101010000101111111111111111111111111100000001110010111111111111111111111111000000011100101111111111111111111111100101001001001111111111111111111111001010010010011111111111111111111111001010010010011111111111111111111111111100101001001001111111111111111111111111111111011111100100101111111111111111111111111111110111111001001011111111111111111011111100100101111111111111111111111100101001011111
723
110101110011100111111100111110010111011111111111111110011111001011101111111111111111111111001111100101110111111111111111111111111111111111101110100010101011111111111111111111111101110100010101011111111111111010111101111011111111111111111111111111111100010101000010111111111111111111111111111110001010100001011111111111111111111111111100010101000010111111111111111111111100000001110010111111111111111111111111111111111000000011100101111111111111111111110010100100100111111111111111111111110010100100100111111111111111111111100101001001001111111111111111111110010100100100111111111111111111111111111011111100100101111111111111111111111111111101111110010010111111111111111111101111110010010111111111111111111111100101001011111
724
1101111000000111111111111111111111111111111111111111111111111111111111111111111111111111111111111111111111111111111111111111111111111111111111111111111111111111111111111111111111111111111111111111111111111111111111111111111111111111111111111111111111111111111111111111111111111111111111111111111111111111111111111111111111111111111111111111111111111111111111111111111111111111111111111111111111111111111111111111111111111111111111111111111111111111111111111111111111111111111111111111111111111111111111111111111111111111111111111111111111111111111111111111111111111111111111111111111111111111111111111111111111111111111111111111111111111111111111111111111111111111111111111111111111111111111111111111111111111111111111111111
740
00100100111000011111111111111111111111111111111111111111111111111111111111111111111111111111111111111111111111111111111111111111111111111111111111111111111111111111111111111111111111111111111111111111111111111111111111111111111111111111111111111111111111111111111111111111111111111111111111111111111111111111111111111111111111111111111111111111111111111111111111111111111111111111111111111111111111111111111111111111111111111111111111111111111111111111111111111111111111111111111111111111111111111111111111111111111111111111111111111111111111111111111111111111111111111111111111111111111111111111111111111111111111111111111111111111111111111111111111111111111111111111111111111111111111111111111111111111111111111111111111111111111111111111
715
1100110100010101111111111111111001111100101110111111111111111111111111111001111100101110111111111111111111011101000101010111111111111111111111111111010111101111011111111111111111111111111101011110111101111111111111111111111111111010111101111011111111111111111111111111111111111100010101000010111111111111111111111110001010100001011111111111111111111111111110000000111001011111111111111111111110000000111001011111111111111111111111111111001010010010011111111111111111001010010010011111111111111111110010100100100111111111111111101111110010010111111111111111111111111011111100100101111111111111111111111111111111111111111001010010111111111111111111111111111111110010100101111111111111111111111111110010100101111111111
714
110000011011100111111111111111111111111111111111111111111111111111111111111111111111111111111111111111111111111111111111111111111111111111111111111111111111111111111111111111111111111111111111111111111111111111111111111111111111111111111111111111111111111111111111111111111111111111111111111111111111111111111111111111111111111111111111111111111111111111111111111111111111111111111111111111111111111111111111111111111111111111111111111111111111111111111111111111111111111111111111111111111111111111111111111111111111111111111111111111111111111111111111111111111111111111111111111111111111111111111111111111111111111111111111111111111111111111111111111111111111111111111111111111111111111111111111111111111111111111
728
01000111100001100111110010111011111111111111111111111111111111100111110010111011111111111111111111100111110010111011111111111111110011111001011101111111111111111111111111111111111111111101110100010101011111111111111111101110100010101011111111111111111111011101000101010111111111111111111111111101011110111101111111111111111111111111111101011110111101111111111111111111111111111000101010000101111111111111111111111111111000101010000101111111111111111111111111100010101000010111111111111111111111000000011100101111111111111111111111100101001001001111111111111111111110010100100100111111111111111111111111111101111110010010111111111111111111111111101111110010010111111111111111111111111111111111101111110010010111111111111111111111
710
00010001101111111111111111001111100101110111111111111111111011101000101010111111111111111111111111101110100010101011111111111111111111111101011110111101111111111111111111111111101011110111101111111111111111111111111101011110111101111111111111111111111111111111111010111101111011111111111111111111111111110001010100001011111111111111111111111111111110001010100001011111111111111111111111111000000011100101111111111111111111111111100000001110010111111111111111111111111100101001001001111111111111111111100101001001001111111111111111111111100101001001001111111111111111111111111111100101001001001111111111111111111111111111011111100100101111111111111111111111110111111001001011111111111111111111111111100101001011
742
1101111101101111111111111111111111111100111110010111011111111111111111111111100111110010111011111111111111111111001111100101110111111111111111111111111111111111110111010001010101111111111111101011110111101111111111111111111111111111010111101111011111111111111111111111111111111000101010000101111111111111111111111100010101000010111111111111111111111111111111111111110001010100001011111111111111111111111111111111110001010100001011111111111111111111111111111111111000000011100101111111111111111111111111111000000011100101111111111111111111111110010100100100111111111111111111111111111111100101001001001111111111111111111111111001010010010011111111111111111111111111011111100100101111111111111111111111110111111001001011111111111111111111111111
738
010010010111111111111111111111111111111111111111111111111111111111111111111111111111111111111111111111111111111111111111111111111111111111111111111111111111111111111111111111111111111111111111111111111111111111111111111111111111111111111111111111111111111111111111111111111111111111111111111111111111111111111111111111111111111111111111111111111111111111111111111111111111111111111111111111111111111111111111111111111111111111111111111111111111111111111111111111111111111111111111111111111111111111111111111111111111111111111111111111111111111111111111111111111111111111111111111111111111111111111111111111111111111111111111111111111111111111111111111111111111111111111111111111111111111111111111111111111111111111111111111111111111111111
